
=== REPORT: RELIEFF + ANOVA + CORRELATION ===
======================================================================
FINAL SELECTED FEATURES
======================================================================
Rank Feature                                       ReliefF    ANOVA      Combined   Contrib%
-------------------------------------------------------------------------------------
1    Fz_min                                        0.5665     164.4485   1.0000     6.37    
2    Tx_rms                                        0.4304     86.6379    0.6443     4.11    
3    Fz_shape_factor                               0.5364     37.8928    0.5888     3.75    
4    Tx_std                                        0.4110     52.8287    0.5245     3.34    
5    Ty_rms                                        0.2826     73.9259    0.4763     3.04    
6    Fx_peak_frequency                             0.3518     47.5664    0.4567     2.91    
7    Fz_peak_frequency                             0.3722     36.2929    0.4403     2.81    
8    Fy_zero_crossing_rate                         0.3678     31.3055    0.4213     2.68    
9    Tx_peak_frequency                             0.3287     34.8171    0.3977     2.53    
10   Ty_crest_factor                               0.3328     26.5051    0.3760     2.40    
11   Ty_peak_frequency                             0.2699     41.1742    0.3656     2.33    
12   Tx_crest_factor                               0.2598     38.1139    0.3474     2.21    
13   Fy_max                                        0.2791     26.2912    0.3284     2.09    
14   Fz_last                                       0.1883     46.4282    0.3101     1.98    
15   Fz_first                                      0.2474     27.3593    0.3039     1.94    
16   Tz_mean_abs                                   0.1600     49.0186    0.2932     1.87    
17   Tx_min                                        0.2388     23.0665    0.2833     1.81    
18   Fx_rms                                        0.1531     46.8349    0.2806     1.79    
19   Tz_peak_frequency                             0.2521     15.0452    0.2706     1.72    
20   Fy_peak_frequency                             0.2144     22.8304    0.2612     1.66    
21   Tz_entropy                                    0.2454     13.7793    0.2608     1.66    
22   Ty_p90                                        0.2494     11.9634    0.2588     1.65    
23   Tx_iqr                                        0.1720     33.3882    0.2562     1.63    
24   Tx_zero_crossing_rate                         0.2283     15.9835    0.2526     1.61    
25   Fz_skewness                                   0.2150     10.4483    0.2241     1.43    
26   Fx_zero_crossing_rate                         0.1728     17.6840    0.2091     1.33    
27   Ty_max                                        0.1865     11.6473    0.2028     1.29    
28   Fx_shape_factor                               0.1874     10.9648    0.2015     1.28    
29   Tx_mean                                       0.2034     2.9165     0.1910     1.22    
30   Fx_crest_factor                               0.1805     9.2022     0.1901     1.21    
31   Tz_zero_crossing_rate                         0.1719     10.8162    0.1875     1.19    
32   Fz_slope                                      0.2032     1.7820     0.1874     1.19    
33   Tx_slope                                      0.1913     3.0393     0.1808     1.15    
34   Tz_shape_factor                               0.1981     0.2249     0.1783     1.14    
35   Ty_iqr                                        0.1108     24.2081    0.1748     1.11    
36   Fz_kurtosis                                   0.1788     2.6049     0.1686     1.07    
37   Ty_zero_crossing_rate                         0.1724     4.3718     0.1683     1.07    
38   Fz_entropy                                    0.1159     20.1811    0.1670     1.06    
39   Fy_mean                                       0.1844     0.0080     0.1655     1.06    
40   Tx_max                                        0.1638     5.1589     0.1632     1.04    
41   Tz_kurtosis                                   0.1396     11.7578    0.1621     1.03    
42   Tz_p90                                        0.1030     17.5857    0.1478     0.94    
43   Ty_min                                        0.0823     21.0279    0.1401     0.89    
44   Fx_max                                        0.1211     9.0680     0.1377     0.88    
45   Fy_shape_factor                               0.1398     2.9883     0.1356     0.86    
46   Tz_median                                     0.1471     0.4362     0.1342     0.86    
47   Tz_last                                       0.1426     0.5317     0.1305     0.83    
48   Tz_crest_factor                               0.1222     6.2901     0.1302     0.83    
49   Ty_kurtosis                                   0.1268     4.7527     0.1296     0.83    
50   Fx_kurtosis                                   0.1307     0.4943     0.1200     0.77    
51   Fz_zero_crossing_rate                         0.0876     10.0700    0.1114     0.71    
52   Ty_last                                       0.1183     1.1036     0.1110     0.71    
53   Fz_cv                                         0.1027     2.1948     0.1007     0.64    
54   Ty_skewness                                   0.1068     0.3581     0.0988     0.63    

======================================================================
REMOVAL STATISTICS
======================================================================
   Redundant: 64 features

Total removed features: 64
